Time,Sum,Sqr_Sum,Iterations
0.1,1316,2802,639
0.2,1536,4342,633
0.3,1659,5583,558
0.4,1791,6873,554
0.5,1966,8578,516
0.6,2088,9906,514
0.7,2219,11415,494
0.8,2358,13080,491
0.9,2481,14687,482
1,2650,16878,482
1.1,2780,18694,477
1.2,2915,20769,475
1.3,3036,22522,470
1.4,3136,24136,468
1.5,3269,26197,466
1.6,3418,28610,465
1.7,3541,30647,465
1.8,3679,33177,463
1.9,3822,35768,462
2,3990,38930,460
2.1,4111,41629,460
2.2,4239,44409,459
2.3,4372,47370,459
2.4,4487,49859,459
2.5,4586,52592,459
2.6,4719,55793,457
2.7,4832,58756,457
2.8,4944,61268,456
2.9,5037,63731,454
3,5151,66829,454
3.1,5319,71323,454
3.2,5459,75335,454
3.3,5581,79149,454
3.4,5661,81389,453
3.5,5749,84195,453
3.6,5868,88502,453
3.7,5997,92571,451
3.8,6105,96669,451
3.9,6235,100527,451
4,6362,104474,451
4.1,6494,109494,451
4.2,6581,112553,451
4.3,6706,117356,451
4.4,6785,119813,450
4.5,6880,123186,450
4.6,7010,128064,450
4.7,7148,133718,450
4.8,7252,138148,450
4.9,7344,141264,450
5,7508,147710,450
5.1,7687,154959,450
5.2,7755,156651,450
5.3,7950,164864,450
5.4,8067,170597,449
5.5,8193,176425,449
5.6,8377,184893,449
5.7,8540,192798,449
5.8,8648,198280,449
5.9,8828,207482,449
6,8930,212126,449
6.1,9072,218240,449
6.2,9263,227391,449
6.3,9428,236112,449
6.4,9554,242494,449
6.5,9702,249902,449
6.6,9866,259926,449
6.7,10043,268475,449
6.8,10202,276776,449
6.9,10347,284619,449
7,10483,291701,449
7.1,10631,300745,449
7.2,10848,314102,449
7.3,10982,321832,449
7.4,11224,335096,449
7.5,11407,346615,449
7.6,11592,357652,449
7.7,11787,370095,449
7.8,11952,380660,449
7.9,12122,391748,449
8,12299,402085,449
8.1,12528,416556,449
8.2,12677,425891,449
8.3,12866,438598,449
8.4,13068,453128,449
8.5,13269,466597,449
8.6,13497,483491,449
8.7,13647,494529,449
8.8,13823,507007,449
8.9,14036,521196,449
9,14200,532972,449
9.1,14400,548344,449
9.2,14589,562847,449
9.3,14853,583185,449
9.4,15076,600142,449
9.5,15287,614885,449
9.6,15504,632614,449
9.7,15747,650865,449
9.8,15949,668733,449
9.9,16151,683113,449
10,16417,705407,448
10.25,16919,750821,448
10.5,17378,790296,448
10.75,17878,832910,448
11,18374,876520,448
11.25,18953,929865,448
11.5,19457,981423,448
11.75,20037,1033345,448
12,20562,1082954,448
12.25,21136,1141986,448
12.5,21745,1202479,448
12.75,22425,1274865,448
13,22965,1335517,448
13.25,23430,1393000,448
13.5,23924,1444228,448
13.75,24540,1513170,448
14,24984,1565144,448
14.25,25552,1636336,448
14.5,26055,1693077,448
14.75,26632,1757754,448
15,27244,1839778,448
15.5,28417,1997387,448
16,29546,2147818,448
16.5,30739,2318971,448
17,32000,2504254,448
17.5,33160,2691480,448
18,34291,2868441,448
18.5,35224,3018338,448
19,36500,3223568,448
19.5,38138,3503612,448
20,39344,3732274,448
